0 0.48375 0.55 0.30125 0.2966666666666667
0 0.395 0.455 0.20625 0.20166666666666666
1 0.58375 0.235 0.1625 0.14
1 0.66125 0.285 0.1625 0.18166666666666667
1 0.74 0.19333333333333333 0.1075 0.10666666666666667
1 0.835 0.21166666666666667 0.10375 0.14666666666666667
1 0.93125 0.25166666666666665 0.09875 0.12333333333333334
1 0.925 0.17166666666666666 0.09125 0.11166666666666666
1 0.92125 0.175 0.0725 0.08166666666666667
0 0.37875 0.43833333333333335 0.1425 0.165
1 0.1725 0.10833333333333334 0.02375 0.045
1 0.99125 0.21166666666666667 0.015 0.08