0 0.518125 0.5491666666666667 0.3125 0.31666666666666665
0 0.603125 0.4475 0.21375 0.215
1 0.40625 0.24083333333333334 0.1675 0.15166666666666667
1 0.330625 0.2966666666666667 0.17 0.19333333333333333
1 0.248125 0.21083333333333334 0.11125 0.11333333333333333
1 0.154375 0.23583333333333334 0.10875 0.15333333333333332
1 0.059375 0.2825 0.10375 0.13
1 0.0625 0.20166666666666666 0.095 0.11833333333333333
1 0.066875 0.205 0.075 0.08666666666666667
0 0.61875 0.43 0.14875 0.175
1 0.811875 0.08583333333333333 0.025 0.04666666666666667
1 0.003125 0.24583333333333332 0.00625 0.08166666666666667