0 0.348125 0.6491666666666667 0.31375 0.37
0 0.226875 0.49583333333333335 0.26875 0.25333333333333335
1 0.338125 0.30083333333333334 0.1925 0.155
1 0.40875 0.24583333333333332 0.19625 0.15166666666666667
1 0.26875 0.22416666666666665 0.135 0.12666666666666668
1 0.15625 0.23 0.13 0.15833333333333333
1 0.073125 0.20583333333333334 0.08625 0.11166666666666666
1 0.01375 0.25 0.0275 0.10666666666666667
1 0.803125 0.12166666666666667 0.0525 0.07666666666666666
1 0.67 0.04416666666666667 0.0275 0.03666666666666667
1 0.094375 0.18083333333333335 0.06 0.06166666666666667
1 0.798125 0.03 0.01375 0.023333333333333334