0 0.6575 0.6383333333333333 0.3 0.35
0 0.7725 0.4766666666666667 0.26 0.235
1 0.65375 0.29 0.1875 0.14166666666666666
1 0.58125 0.24 0.19125 0.13833333333333334
1 0.72 0.20833333333333334 0.13 0.11833333333333333
1 0.8325 0.20666666666666667 0.12375 0.15
1 0.915 0.17666666666666667 0.0825 0.10666666666666667
1 0.98125 0.21666666666666667 0.03625 0.105
1 0.1825 0.14333333333333334 0.05 0.07333333333333333
1 0.3125 0.056666666666666664 0.02625 0.035
1 0.8925 0.15333333333333332 0.0575 0.058333333333333334
1 0.18375 0.051666666666666666 0.0125 0.021666666666666667