0 0.664375 0.6233333333333333 0.3175 0.37666666666666665
0 0.770625 0.45166666666666666 0.27125 0.25833333333333336
1 0.6425 0.2758333333333333 0.195 0.15833333333333333
1 0.5675 0.23333333333333334 0.1975 0.155
1 0.704375 0.18833333333333332 0.13625 0.13
1 0.81625 0.17666666666666667 0.13125 0.16166666666666665
1 0.896875 0.13916666666666666 0.0875 0.11333333333333333
1 0.965 0.1725 0.04125 0.10833333333333334
1 0.164375 0.17333333333333334 0.05375 0.07833333333333334
1 0.29 0.075 0.0275 0.03666666666666667
1 0.873125 0.1175 0.06 0.06333333333333334
1 0.16125 0.0825 0.01375 0.023333333333333334