1 0.51125 0.47583333333333333 0.12375 0.19
1 0.20125 0.7441666666666666 0.21875 0.2633333333333333
1 0.193125 0.5383333333333333 0.255 0.34
1 0.35875 0.39166666666666666 0.135 0.12666666666666668
1 0.9175 0.17 0.0175 0.02666666666666667
1 0.838125 0.215 0.03 0.043333333333333335
1 0.36125 0.33666666666666667 0.13625 0.095
1 0.774375 0.21333333333333335 0.035 0.041666666666666664
1 0.985625 0.21166666666666667 0.02125 0.041666666666666664
1 0.805 0.19583333333333333 0.02625 0.03333333333333333
1 0.18875 0.305 0.15 0.15166666666666667