1 0.491875 0.4741666666666667 0.1275 0.195
1 0.770625 0.7975 0.22375 0.27166666666666667
1 0.8 0.595 0.2625 0.35
1 0.650625 0.4191666666666667 0.1375 0.13333333333333333
1 0.12125 0.09583333333333334 0.0175 0.02666666666666667
1 0.195 0.155 0.03125 0.045
1 0.654375 0.3641666666666667 0.1375 0.10166666666666667
1 0.258125 0.16583333333333333 0.03625 0.043333333333333335
1 0.049375 0.12416666666666666 0.0225 0.041666666666666664
1 0.23 0.1425 0.0275 0.035
1 0.82875 0.3641666666666667 0.15375 0.15833333333333333