0 0.47875 0.36 0.06375 0.08444444444444445
1 0.5325 0.2866666666666667 0.085 0.06222222222222222
0 0.47625 0.35555555555555557 0.1275 0.08666666666666667
1 0.635 0.8733333333333333 0.13125 0.19333333333333333
1 0.60875 0.5266666666666666 0.0725 0.16
1 0.30625 0.32666666666666666 0.09125 0.08888888888888889
1 0.0625 0.36444444444444446 0.1125 0.07111111111111111
1 0.58 0.2222222222222222 0.02375 0.035555555555555556
1 0.6375 0.7355555555555555 0.12 0.23777777777777778
1 0.48375 0.5911111111111111 0.095 0.15777777777777777
1 0.19875 0.36 0.12375 0.07555555555555556
1 0.68625 0.5888888888888889 0.1025 0.1688888888888889
1 0.8475 0.2644444444444444 0.0875 0.10444444444444445
1 0.42375 0.8733333333333333 0.1525 0.2
1 0.97375 0.2311111111111111 0.0525 0.09111111111111111