0 0.4925 0.35333333333333333 0.085 0.08222222222222222
1 0.49125 0.29555555555555557 0.065 0.06
1 0.635 0.8733333333333333 0.1275 0.19555555555555557
1 0.49125 0.5866666666666667 0.13 0.1622222222222222
1 0.305 0.32666666666666666 0.085 0.08888888888888889
1 0.61125 0.5266666666666666 0.07 0.1622222222222222
1 0.63875 0.7355555555555555 0.1225 0.24
0 0.5525 0.3422222222222222 0.065 0.06888888888888889
1 0.58375 0.2288888888888889 0.0375 0.06888888888888889
1 0.6825 0.5866666666666667 0.11125 0.15777777777777777
1 0.20125 0.3622222222222222 0.11625 0.08
1 0.835 0.24888888888888888 0.04875 0.08
1 0.06625 0.3622222222222222 0.12 0.07333333333333333
1 0.9775 0.21333333333333335 0.0425 0.07777777777777778
1 0.89 0.26222222222222225 0.06125 0.09777777777777778