0 0.47375 0.3655555555555556 0.065 0.10222222222222223
0 0.47875 0.35888888888888887 0.1225 0.10888888888888888
1 0.448125 0.8433333333333334 0.17875 0.26
1 0.835625 0.27666666666666667 0.10125 0.09777777777777778
1 0.304375 0.3322222222222222 0.09375 0.09111111111111111
1 0.61 0.5233333333333333 0.0725 0.1622222222222222
1 0.05875 0.37777777777777777 0.11 0.07333333333333333
1 0.635 0.8688888888888889 0.13625 0.19777777777777777
1 0.530625 0.29888888888888887 0.0925 0.08
1 0.57875 0.2222222222222222 0.03625 0.05555555555555555
1 0.63875 0.7333333333333333 0.1225 0.24444444444444444
1 0.698125 0.1622222222222222 0.03125 0.03333333333333333
1 0.485625 0.5911111111111111 0.09625 0.15777777777777777
1 0.1975 0.36666666666666664 0.12625 0.08
1 0.7125 0.2111111111111111 0.0575 0.07555555555555556
1 0.686875 0.5833333333333334 0.1075 0.17333333333333334
1 0.97125 0.22777777777777777 0.05125 0.08666666666666667