0 0.52625 0.3655555555555556 0.065 0.10222222222222223
0 0.52125 0.35888888888888887 0.1225 0.10888888888888888
1 0.551875 0.8433333333333334 0.17875 0.26
1 0.164375 0.27666666666666667 0.10125 0.09777777777777778
1 0.695625 0.3322222222222222 0.09375 0.09111111111111111
1 0.39 0.5233333333333333 0.0725 0.1622222222222222
1 0.94125 0.37777777777777777 0.11 0.07333333333333333
1 0.365 0.8688888888888889 0.13625 0.19777777777777777
1 0.469375 0.29888888888888887 0.0925 0.08
1 0.42125 0.2222222222222222 0.03625 0.05555555555555555
1 0.36125 0.7333333333333333 0.1225 0.24444444444444444
1 0.301875 0.1622222222222222 0.03125 0.03333333333333333
1 0.514375 0.5911111111111111 0.09625 0.15777777777777777
1 0.8025 0.36666666666666664 0.12625 0.08
1 0.2875 0.2111111111111111 0.0575 0.07555555555555556
1 0.313125 0.5833333333333334 0.1075 0.17333333333333334
1 0.02875 0.22777777777777777 0.05125 0.08666666666666667