0 0.525 0.3566666666666667 0.06625 0.08444444444444445
1 0.41875 0.2222222222222222 0.03375 0.04666666666666667
1 0.468125 0.29 0.09375 0.057777777777777775
1 0.169375 0.27666666666666667 0.0975 0.10444444444444445
0 0.52375 0.3611111111111111 0.125 0.09333333333333334
1 0.528125 0.8433333333333334 0.17125 0.26222222222222225
1 0.696875 0.3322222222222222 0.08875 0.09111111111111111
1 0.39 0.5233333333333333 0.0725 0.1622222222222222
1 0.36375 0.8688888888888889 0.135 0.19777777777777777
1 0.9425 0.37555555555555553 0.1075 0.07111111111111111
1 0.36125 0.7311111111111112 0.1225 0.24
1 0.0325 0.23444444444444446 0.05375 0.08222222222222222
1 0.8025 0.36666666666666664 0.125 0.07777777777777778
1 0.309375 0.5833333333333334 0.10875 0.1688888888888889
1 0.944375 0.8 0.105 0.18444444444444444
1 0.505625 0.5822222222222222 0.14 0.2