0 0.245 0.295 0.49 0.37
1 0.795 0.5716666666666667 0.21625 0.2866666666666667
1 0.52875 0.19333333333333333 0.085 0.14333333333333334
1 0.82 0.21833333333333332 0.08375 0.13166666666666665
1 0.4625 0.16833333333333333 0.0875 0.10666666666666667
1 0.635 0.13833333333333334 0.1275 0.215
1 0.51375 0.065 0.095 0.12833333333333333
1 0.58625 0.24 0.0975 0.13333333333333333
1 0.715 0.06333333333333334 0.065 0.09833333333333333
1 0.7675 0.1 0.0825 0.10833333333333334
1 0.44625 0.05333333333333334 0.06875 0.105