0 0.25625 0.27166666666666667 0.50875 0.415
1 0.790625 0.5991666666666666 0.23125 0.30666666666666664
1 0.545 0.19666666666666666 0.0925 0.15166666666666667
1 0.83375 0.24916666666666668 0.09 0.13833333333333334
1 0.48 0.16583333333333333 0.0925 0.115
1 0.65375 0.15166666666666667 0.13875 0.22666666666666666
1 0.535625 0.0675 0.10125 0.135
1 0.599375 0.24833333333333332 0.10375 0.14166666666666666
1 0.7375 0.08416666666666667 0.07 0.10333333333333333
1 0.7875 0.12583333333333332 0.0875 0.115
1 0.469375 0.0525 0.07375 0.105