1 0.650625 0.4 0.05375 0.09111111111111111
0 0.494375 0.4577777777777778 0.1425 0.1111111111111111
1 0.545 0.36444444444444446 0.06 0.08
1 0.61625 0.4311111111111111 0.07375 0.13111111111111112
0 0.429375 0.41555555555555557 0.11375 0.13555555555555557
1 0.67 0.3277777777777778 0.04375 0.06444444444444444
1 0.476875 0.3477777777777778 0.055 0.06444444444444444
1 0.364375 0.41555555555555557 0.06625 0.09777777777777778
1 0.511875 0.39 0.06875 0.06444444444444444
1 0.731875 0.4011111111111111 0.075 0.12666666666666668
1 0.520625 0.3277777777777778 0.05125 0.06444444444444444
1 0.570625 0.34 0.05125 0.08666666666666667
1 0.41875 0.35888888888888887 0.06375 0.07111111111111111
1 0.809375 0.67 0.19375 0.18444444444444444