0 0.465 0.4766666666666667 0.1375 0.11555555555555555
0 0.520625 0.43444444444444447 0.1 0.1511111111111111
1 0.51875 0.3411111111111111 0.0525 0.06
1 0.45375 0.3655555555555556 0.05875 0.08222222222222222
1 0.625625 0.4222222222222222 0.0825 0.09777777777777778
1 0.35 0.40444444444444444 0.055 0.1111111111111111
1 0.460625 0.30777777777777776 0.03875 0.044444444444444446
1 0.26875 0.3933333333333333 0.07375 0.12444444444444444
1 0.429375 0.3333333333333333 0.05375 0.08222222222222222
1 0.326875 0.3188888888888889 0.04625 0.06888888888888889
1 0.48125 0.39 0.05625 0.06444444444444444
1 0.575 0.3688888888888889 0.06125 0.09111111111111111
1 0.386875 0.42333333333333334 0.0775 0.12444444444444444
1 0.18875 0.6611111111111111 0.1925 0.18