0 0.486875 0.5844444444444444 0.155 0.21333333333333335
1 0.43875 0.24222222222222223 0.05 0.08444444444444445
1 0.49875 0.27555555555555555 0.04 0.06444444444444444
1 0.575625 0.19111111111111112 0.03 0.042222222222222223
1 0.65625 0.23555555555555555 0.0425 0.07111111111111111
1 0.41 0.7855555555555556 0.13125 0.1622222222222222
1 0.431875 0.3 0.05 0.07555555555555556
1 0.58125 0.2511111111111111 0.04125 0.05555555555555555
1 0.588125 0.4288888888888889 0.07 0.08888888888888889
1 0.550625 0.21222222222222223 0.0375 0.06222222222222222
1 0.650625 0.5733333333333334 0.08625 0.12
1 0.65375 0.5044444444444445 0.08125 0.09777777777777778
1 0.541875 0.17444444444444446 0.03125 0.035555555555555556
1 0.435 0.36 0.05125 0.07555555555555556