1 0.64875 0.39111111111111113 0.0525 0.08888888888888889
0 0.49375 0.4577777777777778 0.14 0.10222222222222223
1 0.5425 0.3622222222222222 0.05875 0.07555555555555556
1 0.615 0.42444444444444446 0.07125 0.12666666666666668
0 0.4275 0.42 0.11125 0.1288888888888889
1 0.66625 0.31777777777777777 0.0425 0.06222222222222222
1 0.47375 0.3488888888888889 0.05375 0.06222222222222222
1 0.3625 0.42444444444444446 0.065 0.09333333333333334
1 0.51 0.3888888888888889 0.0675 0.06
1 0.73 0.38666666666666666 0.0725 0.12222222222222222
1 0.5175 0.32666666666666666 0.05 0.06222222222222222
1 0.5675 0.33555555555555555 0.05 0.08444444444444445
1 0.41625 0.36444444444444446 0.0625 0.06666666666666667
1 0.8125 0.6511111111111111 0.19 0.17333333333333334