1 0.1875 0.6433333333333333 0.19125 0.18
1 0.3525 0.3888888888888889 0.05375 0.09111111111111111
0 0.515625 0.4577777777777778 0.155 0.10888888888888888
1 0.46 0.36333333333333334 0.0575 0.08
0 0.574375 0.4266666666666667 0.11375 0.14
1 0.639375 0.4288888888888889 0.06625 0.09777777777777778
1 0.385625 0.4211111111111111 0.0725 0.1288888888888889
1 0.5275 0.3477777777777778 0.05125 0.06444444444444444
1 0.334375 0.31222222222222223 0.0425 0.06444444444444444
1 0.48875 0.39111111111111113 0.07 0.06444444444444444
1 0.434375 0.33111111111111113 0.0525 0.08444444444444445
1 0.481875 0.3233333333333333 0.05125 0.06444444444444444
1 0.27125 0.38 0.07375 0.12222222222222222
1 0.585 0.3688888888888889 0.065 0.07333333333333333