1 0.643125 0.37333333333333335 0.05875 0.1
1 0.47625 0.43666666666666665 0.0975 0.14222222222222222
0 0.676875 0.5 0.1475 0.15333333333333332
1 0.611875 0.41 0.075 0.13555555555555557
1 0.37125 0.44222222222222224 0.085 0.10444444444444445
1 0.475 0.34444444444444444 0.05125 0.06222222222222222
1 0.541875 0.35888888888888887 0.0575 0.08888888888888889
1 0.725 0.3566666666666667 0.075 0.13777777777777778
1 0.539375 0.2966666666666667 0.045 0.04888888888888889
1 0.561875 0.32555555555555554 0.055 0.08666666666666667
1 0.4275 0.37777777777777777 0.065 0.09555555555555556
0 0.823125 0.6288888888888889 0.1825 0.19777777777777777
1 0.6625 0.2922222222222222 0.0475 0.07333333333333333