0 0.465 0.47444444444444445 0.1375 0.11555555555555555
0 0.521875 0.43666666666666665 0.1 0.1511111111111111
1 0.52125 0.3433333333333333 0.0525 0.06
1 0.45625 0.36333333333333334 0.05875 0.08222222222222222
1 0.626875 0.4311111111111111 0.0825 0.09777777777777778
1 0.3525 0.39555555555555555 0.055 0.1111111111111111
1 0.464375 0.3055555555555556 0.03875 0.044444444444444446
1 0.27125 0.38 0.07375 0.12444444444444444
1 0.433125 0.3288888888888889 0.05375 0.08222222222222222
1 0.330625 0.30777777777777776 0.04625 0.06888888888888889
1 0.48375 0.3888888888888889 0.05625 0.06444444444444444
1 0.5775 0.37333333333333335 0.06125 0.09111111111111111
1 0.388125 0.4166666666666667 0.0775 0.12444444444444444
1 0.18625 0.6411111111111111 0.1925 0.18