1 0.81125 0.6533333333333333 0.19 0.17333333333333334
1 0.64875 0.3933333333333333 0.0525 0.08888888888888889
0 0.485 0.4577777777777778 0.15375 0.10444444444444445
1 0.54125 0.36444444444444446 0.05625 0.07777777777777778
0 0.42625 0.42444444444444446 0.1125 0.13555555555555557
1 0.36125 0.42444444444444446 0.065 0.09555555555555556
1 0.615 0.42444444444444446 0.07125 0.12666666666666668
1 0.47375 0.3466666666666667 0.05125 0.06222222222222222
1 0.6675 0.31777777777777777 0.0425 0.06222222222222222
1 0.5125 0.39111111111111113 0.07 0.06222222222222222
1 0.5675 0.3333333333333333 0.05125 0.08222222222222222
1 0.52 0.3244444444444444 0.05125 0.06222222222222222
1 0.73 0.38666666666666666 0.0725 0.12
1 0.41625 0.36666666666666664 0.06375 0.07111111111111111