1 0.651875 0.40555555555555556 0.055 0.09333333333333334
0 0.495 0.4577777777777778 0.1425 0.11555555555555555
1 0.54625 0.36666666666666664 0.06125 0.08
1 0.616875 0.43555555555555553 0.075 0.13333333333333333
0 0.43 0.41333333333333333 0.115 0.14
1 0.67125 0.3333333333333333 0.04375 0.06666666666666667
1 0.478125 0.3466666666666667 0.055 0.06666666666666667
1 0.365 0.4122222222222222 0.0675 0.1
1 0.513125 0.39 0.06875 0.06666666666666667
1 0.733125 0.4077777777777778 0.07625 0.1288888888888889
1 0.5225 0.3288888888888889 0.05125 0.06666666666666667
1 0.5725 0.3422222222222222 0.0525 0.08888888888888889
1 0.420625 0.3566666666666667 0.065 0.07333333333333333
1 0.8075 0.68 0.195 0.19111111111111112