1 0.35375 0.38222222222222224 0.05375 0.09111111111111111
0 0.508125 0.4577777777777778 0.14375 0.1111111111111111
1 0.45875 0.36 0.05875 0.08222222222222222
1 0.38625 0.4177777777777778 0.07375 0.13111111111111112
0 0.57375 0.4266666666666667 0.11375 0.13555555555555557
1 0.33875 0.31 0.04375 0.06666666666666667
1 0.493125 0.39111111111111113 0.07 0.06666666666666667
1 0.64 0.43555555555555553 0.06625 0.1
1 0.529375 0.3488888888888889 0.0525 0.06
1 0.2725 0.37222222222222223 0.075 0.1288888888888889
1 0.488125 0.3277777777777778 0.05 0.06444444444444444
1 0.435625 0.33111111111111113 0.0525 0.08666666666666667
1 0.58625 0.37 0.065 0.07111111111111111
1 0.186875 0.6366666666666667 0.19375 0.18444444444444444