0 0.483125 0.5822222222222222 0.16 0.22666666666666666
1 0.451875 0.23333333333333334 0.05125 0.08888888888888889
1 0.51 0.27666666666666667 0.0425 0.06666666666666667
1 0.590625 0.20333333333333334 0.03125 0.04666666666666667
1 0.66875 0.26 0.04375 0.07333333333333333
1 0.396875 0.77 0.13625 0.17333333333333334
1 0.441875 0.29 0.05125 0.08
1 0.593125 0.2644444444444444 0.04375 0.057777777777777775
1 0.59125 0.44222222222222224 0.0725 0.09555555555555556
1 0.565 0.22111111111111112 0.04 0.06444444444444444
1 0.646875 0.5966666666666667 0.09 0.1288888888888889
1 0.653125 0.5277777777777778 0.08375 0.10444444444444445
1 0.5575 0.18222222222222223 0.0325 0.04
1 0.441875 0.35 0.0525 0.08