0 0.47625 0.4444444444444444 0.15875 0.12666666666666668
0 0.45375 0.42 0.1675 0.09555555555555556
1 0.805 0.6444444444444445 0.20125 0.24888888888888888
1 0.64875 0.39111111111111113 0.0525 0.08888888888888889
1 0.61375 0.42444444444444446 0.07 0.12444444444444444
1 0.48 0.3422222222222222 0.05375 0.06222222222222222
1 0.36375 0.4266666666666667 0.07 0.09777777777777778
1 0.54 0.3688888888888889 0.0575 0.08222222222222222
1 0.73 0.38666666666666666 0.0725 0.12222222222222222
1 0.52375 0.3244444444444444 0.04625 0.06222222222222222
1 0.5675 0.3333333333333333 0.05125 0.08222222222222222
1 0.66875 0.31555555555555553 0.04375 0.06222222222222222