1 0.843125 0.33125 0.06375 0.07375
1 0.060625 0.3325 0.07125 0.07125
1 0.23875 0.583125 0.07 0.0675
0 0.3325 0.583125 0.0525 0.07375
1 0.293125 0.52375 0.06125 0.0525
1 0.673125 0.470625 0.055 0.0625
1 0.0275 0.573125 0.05125 0.05625
1 0.971875 0.403125 0.055 0.11375
1 0.18 0.440625 0.06125 0.055
0 0.473125 0.599375 0.08625 0.07875
1 0.63 0.58125 0.06875 0.14375
0 0.3975 0.576875 0.12875 0.05875
0 0.350625 0.5425 0.06 0.0575
0 0.38125 0.719375 0.08875 0.10625
0 0.750625 0.233125 0.105 0.045
1 0.7075 0.44 0.04125 0.05
0 0.649375 0.2625 0.07375 0.0625
0 0.654375 0.23375 0.0975 0.045
0 0.508125 0.55375 0.105 0.0975
0 0.464375 0.535625 0.065 0.11
0 0.299375 0.60875 0.06625 0.08
0 0.285625 0.73625 0.09125 0.10375
0 0.49875 0.43375 0.0675 0.09375
0 0.55 0.418125 0.0575 0.08375
0 0.494375 0.37875 0.085 0.05625