0 0.41 0.498125 0.085 0.06875
1 0.328125 0.62 0.07375 0.0875
1 0.071875 0.58875 0.095 0.1275
0 0.4475 0.350625 0.245 0.25
1 0.16875 0.715625 0.09875 0.135
1 0.871875 0.224375 0.0675 0.04375
1 0.253125 0.3125 0.05875 0.08375
1 0.1675 0.25625 0.07375 0.055
1 0.529375 0.760625 0.05625 0.04
0 0.52125 0.466875 0.10125 0.075
0 0.4525 0.423125 0.08375 0.07875
0 0.55375 0.528125 0.0725 0.0775
0 0.563125 0.45125 0.09625 0.09125
0 0.744375 0.665 0.08875 0.11125
0 0.76 0.63125 0.07875 0.08875
0 0.681875 0.7025 0.08375 0.10625