0 0.465 0.7622222222222222 0.41375 0.47333333333333333
0 0.39875 0.48444444444444446 0.1125 0.2511111111111111
0 0.27875 0.4022222222222222 0.14 0.24
0 0.21875 0.29777777777777775 0.07625 0.10444444444444445
1 0.1875 0.24 0.065 0.09333333333333334
1 0.1575 0.19111111111111112 0.045 0.08888888888888889
1 0.135 0.14222222222222222 0.03 0.06222222222222222
1 0.82 0.4777777777777778 0.09375 0.18666666666666668
1 0.5825 0.29555555555555557 0.09875 0.13111111111111112
1 0.49375 0.24888888888888888 0.06625 0.08222222222222222
1 0.88625 0.4488888888888889 0.07625 0.08888888888888889
1 0.8775 0.56 0.08625 0.09555555555555556
1 0.935 0.6088888888888889 0.06375 0.12444444444444444