1 0.065 0.51125 0.08375 0.1175
1 0.91375 0.53625 0.06875 0.05875
1 0.21125 0.42875 0.06375 0.07875
1 0.86 0.6925 0.075 0.07
0 0.29875 0.31625 0.11875 0.05875
1 0.79875 0.62375 0.0675 0.05625
1 0.39 0.57625 0.05625 0.065
0 0.32875 0.25625 0.05125 0.065
1 0.01 0.39 0.01875 0.09625
0 0.61125 0.71125 0.075 0.075
1 0.61625 0.4275 0.06625 0.06
0 0.6975 0.6925 0.13125 0.05625
0 0.73375 0.6475 0.07125 0.06375
0 0.8 0.72 0.06375 0.05875
0 0.39125 0.30625 0.11125 0.08
0 0.42 0.27875 0.08875 0.07625
0 0.39125 0.24625 0.085 0.06375
0 0.57875 0.6475 0.13875 0.13125
0 0.5725 0.52625 0.135 0.12375
0 0.41625 0.35625 0.0825 0.07