1 0.77625 0.7533333333333333 0.34875 0.4911111111111111
0 0.5975 0.3088888888888889 0.2075 0.32666666666666666
1 0.76125 0.33555555555555555 0.11625 0.13111111111111112
1 0.15375 0.05555555555555555 0.14875 0.10888888888888888
1 0.2425 0.057777777777777775 0.09125 0.11333333333333333
1 0.305 0.057777777777777775 0.09125 0.11555555555555555
1 0.3575 0.05333333333333334 0.085 0.10666666666666667
1 0.385 0.06 0.09 0.12
1 0.43375 0.06444444444444444 0.0825 0.12666666666666668
1 0.4675 0.06666666666666667 0.0725 0.13333333333333333
1 0.7075 0.2311111111111111 0.0825 0.1111111111111111