1 0.959375 0.48 0.08125 0.12
1 0.819375 0.396875 0.06625 0.0725
1 0.183125 0.62125 0.0775 0.075
1 0.64 0.52875 0.06 0.07
1 0.240625 0.5575 0.0675 0.06
0 0.30625 0.585 0.0875 0.07
1 0.13625 0.466875 0.06625 0.06
0 0.64875 0.27 0.1025 0.06625
0 0.416875 0.654375 0.10375 0.095
1 0.84875 0.299375 0.07875 0.0425
0 0.341875 0.624375 0.11125 0.06125
0 0.4575 0.47625 0.08625 0.1075
0 0.46125 0.424375 0.09125 0.06625
0 0.455 0.3975 0.0725 0.08
0 0.466875 0.604375 0.09375 0.10875
0 0.421875 0.5825 0.09125 0.12875
0 0.324375 0.74125 0.08375 0.06375
0 0.74875 0.28625 0.1 0.06
0 0.6275 0.31 0.07625 0.0725
0 0.631875 0.249375 0.08375 0.05375
0 0.515625 0.463125 0.06875 0.08375