0 0.351875 0.4075 0.07875 0.06375
1 0.1075 0.6025 0.095 0.13125
1 0.26875 0.523125 0.07 0.08375
1 0.0325 0.475 0.065 0.1175
1 0.88875 0.75625 0.0775 0.065
1 0.974375 0.341875 0.05125 0.05875
1 0.45 0.683125 0.0675 0.07375
1 0.216875 0.23125 0.05375 0.05
1 0.51125 0.758125 0.06875 0.045
0 0.463125 0.4025 0.1225 0.095
0 0.493125 0.36625 0.08625 0.075
0 0.44125 0.311875 0.16125 0.13875
0 0.395625 0.33625 0.06625 0.08375
0 0.651875 0.624375 0.10125 0.08125
0 0.656875 0.554375 0.12125 0.13
0 0.596875 0.63125 0.08 0.10125
0 0.483125 0.446875 0.0675 0.085
0 0.629375 0.739375 0.08375 0.09625
0 0.681875 0.74125 0.09375 0.095