0 0.2475 0.28 0.26375 0.23555555555555555
0 0.05625 0.20222222222222222 0.1125 0.25555555555555554
1 0.3825 0.21555555555555556 0.14375 0.2
1 0.925 0.8244444444444444 0.15 0.3488888888888889
0 0.29375 0.7155555555555555 0.44625 0.5688888888888889
1 0.5025 0.12444444444444444 0.155 0.1711111111111111
1 0.385 0.06222222222222222 0.0825 0.08444444444444445
1 0.79 0.35555555555555557 0.11625 0.2088888888888889
1 0.86125 0.45111111111111113 0.09625 0.1511111111111111
1 0.94125 0.5111111111111111 0.07875 0.14444444444444443
1 0.88 0.3088888888888889 0.08375 0.12