1 0.216875 0.7277777777777777 0.3625 0.5222222222222223
0 0.408125 0.3 0.21625 0.34444444444444444
1 0.24375 0.3111111111111111 0.12 0.14222222222222222
1 0.85875 0.08888888888888889 0.15125 0.12222222222222222
1 0.77 0.08222222222222222 0.095 0.12222222222222222
1 0.7075 0.07666666666666666 0.095 0.12444444444444444
1 0.655625 0.06666666666666667 0.0875 0.11333333333333333
1 0.6275 0.07111111111111111 0.09375 0.1288888888888889
1 0.57875 0.07111111111111111 0.08625 0.13333333333333333
1 0.545 0.07 0.07625 0.14
1 0.300625 0.21222222222222223 0.08625 0.11777777777777777