0 0.466875 0.76 0.41875 0.48
0 0.39875 0.48777777777777775 0.115 0.25555555555555554
0 0.278125 0.4088888888888889 0.1425 0.24444444444444444
0 0.216875 0.30666666666666664 0.0775 0.10666666666666667
1 0.185 0.25 0.06625 0.09555555555555556
1 0.154375 0.20222222222222222 0.04625 0.09111111111111111
1 0.13125 0.15333333333333332 0.03 0.06222222222222222
1 0.82 0.4677777777777778 0.095 0.18888888888888888
1 0.580625 0.29333333333333333 0.1 0.13333333333333333
1 0.49125 0.24888888888888888 0.0675 0.08444444444444445
1 0.885625 0.43666666666666665 0.0775 0.09111111111111111
1 0.878125 0.5477777777777778 0.0875 0.09777777777777778
1 0.93625 0.5955555555555555 0.065 0.12666666666666668