0 0.515 0.5508333333333333 0.30875 0.31
0 0.60625 0.46 0.21125 0.21166666666666667
1 0.423125 0.23166666666666666 0.16625 0.14666666666666667
1 0.344375 0.2775 0.1675 0.18833333333333332
1 0.268125 0.1825 0.11 0.11166666666666666
1 0.1725 0.19666666666666666 0.1075 0.15166666666666667
1 0.075625 0.23166666666666666 0.1025 0.12833333333333333
1 0.08375 0.1525 0.09375 0.11666666666666667
1 0.0875 0.15583333333333332 0.075 0.085
0 0.6225 0.44416666666666665 0.14625 0.17166666666666666
1 0.8375 0.12416666666666666 0.025 0.04666666666666667
1 0.016875 0.18916666666666668 0.0175 0.08