0 0.475 0.36444444444444446 0.06375 0.1
0 0.48 0.35777777777777775 0.12125 0.10444444444444445
1 0.445 0.8422222222222222 0.17625 0.25555555555555554
1 0.8375 0.2866666666666667 0.1 0.09555555555555556
1 0.30625 0.32666666666666666 0.0925 0.08888888888888889
1 0.61 0.5266666666666666 0.07125 0.16
1 0.06 0.36444444444444446 0.10875 0.06888888888888889
1 0.63125 0.8733333333333333 0.13375 0.19333333333333333
1 0.5325 0.3 0.09125 0.07777777777777778
1 0.58125 0.22444444444444445 0.03625 0.05333333333333334
1 0.63625 0.7377777777777778 0.12 0.24
1 0.70125 0.1688888888888889 0.03125 0.03333333333333333
1 0.485 0.5911111111111111 0.095 0.15555555555555556
1 0.19875 0.35777777777777775 0.125 0.07555555555555556
1 0.715 0.21777777777777776 0.05625 0.07333333333333333
1 0.68625 0.5888888888888889 0.10625 0.1711111111111111
1 0.97375 0.24222222222222223 0.05 0.08444444444444445