1 0.54375 0.29888888888888887 0.0925 0.08
0 0.480625 0.35888888888888887 0.08 0.1
0 0.490625 0.35333333333333333 0.12375 0.09333333333333334
1 0.316875 0.29777777777777775 0.095 0.10444444444444445
1 0.615 0.8922222222222222 0.13875 0.2111111111111111
1 0.606875 0.5433333333333333 0.08 0.17333333333333334
1 0.068125 0.29444444444444445 0.11 0.08666666666666667
1 0.598125 0.23666666666666666 0.03625 0.05333333333333334
1 0.625625 0.7555555555555555 0.13 0.25555555555555554
1 0.483125 0.5888888888888889 0.10625 0.17555555555555555
1 0.68 0.6188888888888889 0.115 0.18666666666666668
1 0.203125 0.31555555555555553 0.11625 0.1
1 0.86375 0.31777777777777777 0.095 0.10888888888888888
1 0.39 0.8711111111111111 0.16875 0.19555555555555557
1 0.980625 0.30666666666666664 0.03875 0.08444444444444445