0 0.47625 0.35555555555555557 0.065 0.08222222222222222
1 0.58375 0.22444444444444445 0.03375 0.04666666666666667
1 0.53375 0.2911111111111111 0.09375 0.05555555555555555
1 0.8325 0.2866666666666667 0.09625 0.10222222222222223
0 0.4775 0.36 0.12375 0.08888888888888889
1 0.46875 0.8422222222222222 0.16875 0.2577777777777778
1 0.305 0.32666666666666666 0.0875 0.08888888888888889
1 0.61 0.5266666666666666 0.07125 0.16
1 0.6325 0.8733333333333333 0.1325 0.19333333333333333
1 0.05875 0.3622222222222222 0.10625 0.06888888888888889
1 0.63625 0.7355555555555555 0.12 0.23555555555555555
1 0.97 0.24888888888888888 0.0525 0.08
1 0.19875 0.35777777777777775 0.12375 0.07333333333333333
1 0.69 0.5888888888888889 0.1075 0.16666666666666666
1 0.0525 0.7866666666666666 0.10375 0.18222222222222223
1 0.49375 0.5822222222222222 0.1375 0.19555555555555557