0 0.504375 0.35333333333333333 0.08625 0.08666666666666667
1 0.505 0.29555555555555557 0.06625 0.06444444444444444
1 0.3725 0.8811111111111111 0.13125 0.20444444444444446
1 0.510625 0.5855555555555556 0.1325 0.1711111111111111
1 0.69125 0.31444444444444447 0.08625 0.09333333333333334
1 0.389375 0.5333333333333333 0.07375 0.16666666666666666
1 0.36625 0.7444444444444445 0.1275 0.24666666666666667
0 0.444375 0.34555555555555556 0.06625 0.07333333333333333
1 0.41125 0.23444444444444446 0.03875 0.07111111111111111
1 0.319375 0.5977777777777777 0.11375 0.16444444444444445
1 0.795625 0.3433333333333333 0.1175 0.08666666666666667
1 0.16 0.27 0.05 0.08222222222222222
1 0.930625 0.33555555555555555 0.12125 0.08
1 0.019375 0.24222222222222223 0.03875 0.08
1 0.105625 0.2866666666666667 0.06375 0.10222222222222223