0 0.498125 0.3522222222222222 0.0875 0.09333333333333334
1 0.499375 0.29444444444444445 0.0675 0.06888888888888889
1 0.62 0.8888888888888888 0.135 0.2111111111111111
1 0.488125 0.5855555555555556 0.13625 0.17777777777777778
1 0.3125 0.30333333333333334 0.08875 0.1
1 0.61 0.54 0.07625 0.1711111111111111
1 0.629375 0.7522222222222222 0.13125 0.25555555555555554
0 0.55875 0.3488888888888889 0.0675 0.07777777777777778
1 0.594375 0.24 0.04 0.07333333333333333
1 0.67875 0.6088888888888889 0.1175 0.1711111111111111
1 0.2075 0.32555555555555554 0.11875 0.09333333333333334
1 0.84375 0.2911111111111111 0.05125 0.08666666666666667
1 0.0725 0.3088888888888889 0.1225 0.08888888888888889
1 0.9825 0.2722222222222222 0.035 0.08222222222222222
1 0.898125 0.3111111111111111 0.065 0.10444444444444445