0 0.473125 0.36333333333333334 0.0675 0.09111111111111111
1 0.52375 0.2833333333333333 0.0875 0.07333333333333333
0 0.470625 0.35888888888888887 0.13 0.10222222222222223
1 0.649375 0.8555555555555555 0.13875 0.2088888888888889
1 0.609375 0.5133333333333333 0.07875 0.1688888888888889
1 0.3 0.3511111111111111 0.095 0.1
1 0.058125 0.41888888888888887 0.115 0.08444444444444445
1 0.56875 0.21333333333333335 0.025 0.03777777777777778
1 0.64625 0.7177777777777777 0.12875 0.2511111111111111
1 0.4875 0.5933333333333334 0.10125 0.1688888888888889
1 0.19375 0.3977777777777778 0.12625 0.09111111111111111
1 0.689375 0.5655555555555556 0.10875 0.18222222222222223
1 0.8375 0.2222222222222222 0.09125 0.11555555555555555
1 0.43875 0.8822222222222222 0.16 0.21777777777777776
1 0.961875 0.17333333333333334 0.05625 0.09777777777777778