0 0.5225 0.3611111111111111 0.065 0.08666666666666667
1 0.469375 0.28555555555555556 0.085 0.06444444444444444
0 0.525 0.3566666666666667 0.12875 0.09111111111111111
1 0.36125 0.8688888888888889 0.13375 0.19777777777777777
1 0.39125 0.5233333333333333 0.07375 0.1622222222222222
1 0.695625 0.3322222222222222 0.0925 0.09111111111111111
1 0.93875 0.37777777777777777 0.11375 0.07555555555555556
1 0.4225 0.22 0.02375 0.035555555555555556
1 0.36 0.7311111111111112 0.1225 0.24222222222222223
1 0.515625 0.5911111111111111 0.09625 0.16
1 0.8025 0.3688888888888889 0.125 0.08
1 0.313125 0.5833333333333334 0.10375 0.1711111111111111
1 0.155 0.25333333333333335 0.08875 0.10666666666666667
1 0.5725 0.8755555555555555 0.155 0.20444444444444446
1 0.02875 0.21666666666666667 0.05375 0.09333333333333334