1 0.53375 0.29333333333333333 0.09 0.06666666666666667
0 0.47375 0.3622222222222222 0.07625 0.08888888888888889
0 0.48375 0.35555555555555557 0.12 0.07555555555555556
1 0.3075 0.32666666666666666 0.09125 0.09111111111111111
1 0.63375 0.8733333333333333 0.13 0.19111111111111112
1 0.60875 0.5266666666666666 0.0725 0.1622222222222222
1 0.06 0.3622222222222222 0.1075 0.07111111111111111
1 0.585 0.2222222222222222 0.03375 0.04888888888888889
1 0.6375 0.7355555555555555 0.11875 0.23777777777777778
1 0.4875 0.5911111111111111 0.09875 0.16
1 0.685 0.5911111111111111 0.1075 0.1711111111111111
1 0.195 0.3622222222222222 0.1125 0.08222222222222222
1 0.85375 0.26222222222222225 0.09125 0.09555555555555556
1 0.40875 0.8866666666666667 0.16125 0.1711111111111111
1 0.975 0.23333333333333334 0.045 0.07777777777777778