0 0.479375 0.35444444444444445 0.06625 0.08666666666666667
1 0.589375 0.23 0.035 0.04888888888888889
1 0.538125 0.29333333333333333 0.095 0.06222222222222222
1 0.83625 0.30777777777777776 0.09875 0.10888888888888888
0 0.48 0.35888888888888887 0.125 0.09555555555555556
1 0.461875 0.84 0.17375 0.2688888888888889
1 0.30875 0.31444444444444447 0.08875 0.09333333333333334
1 0.609375 0.5333333333333333 0.07375 0.16444444444444445
1 0.625 0.8811111111111111 0.13625 0.20222222222222222
1 0.061875 0.33444444444444443 0.1075 0.07555555555555556
1 0.63125 0.7433333333333333 0.125 0.24222222222222223
1 0.97375 0.27666666666666667 0.0525 0.08222222222222222
1 0.201875 0.3388888888888889 0.125 0.08
1 0.688125 0.6011111111111112 0.11125 0.17333333333333334
1 0.05 0.7588888888888888 0.1 0.18888888888888888
1 0.491875 0.5822222222222222 0.14125 0.20444444444444446