1 0.5375 0.29555555555555557 0.09125 0.07111111111111111
0 0.47625 0.3611111111111111 0.0775 0.09333333333333334
0 0.486875 0.35444444444444445 0.12125 0.08222222222222222
1 0.31125 0.31444444444444447 0.0925 0.09777777777777778
1 0.62625 0.8811111111111111 0.13375 0.2
1 0.608125 0.5333333333333333 0.07625 0.16666666666666666
1 0.063125 0.33555555555555555 0.10875 0.07777777777777778
1 0.590625 0.22777777777777777 0.035 0.051111111111111114
1 0.6325 0.7444444444444445 0.12375 0.24444444444444444
1 0.485625 0.59 0.10125 0.16666666666666666
1 0.683125 0.6022222222222222 0.11125 0.17777777777777778
1 0.198125 0.3433333333333333 0.11375 0.08888888888888889
1 0.858125 0.28444444444444444 0.0925 0.10222222222222223
1 0.40125 0.8811111111111111 0.165 0.18
1 0.978125 0.26222222222222225 0.04375 0.08