0 0.755 0.31916666666666665 0.49 0.415
1 0.201875 0.5441666666666667 0.23125 0.30666666666666664
1 0.4875 0.19166666666666668 0.0925 0.15166666666666667
1 0.195625 0.18916666666666668 0.09 0.13833333333333334
1 0.555 0.1725 0.0925 0.115
1 0.384375 0.12666666666666668 0.13875 0.22666666666666666
1 0.508125 0.06666666666666667 0.10125 0.13333333333333333
1 0.4275 0.2325 0.10375 0.14166666666666666
1 0.3075 0.0475 0.07 0.095
1 0.254375 0.07583333333333334 0.0875 0.115
1 0.576875 0.059166666666666666 0.07375 0.11166666666666666