1 0.35375 0.38222222222222224 0.05375 0.08888888888888889
0 0.504375 0.46 0.155 0.11555555555555555
0 0.56875 0.42444444444444446 0.11875 0.13111111111111112
1 0.524375 0.3411111111111111 0.05625 0.06222222222222222
1 0.46 0.3622222222222222 0.06125 0.08444444444444445
1 0.386875 0.41333333333333333 0.07375 0.12222222222222222
1 0.63 0.43444444444444447 0.0825 0.10444444444444445
1 0.47375 0.31777777777777777 0.045 0.06666666666666667
1 0.33375 0.30333333333333334 0.04625 0.06666666666666667
1 0.434375 0.3288888888888889 0.0525 0.08444444444444445
1 0.2725 0.37222222222222223 0.07375 0.12666666666666668
1 0.5825 0.36777777777777776 0.06375 0.07333333333333333
1 0.184375 0.6355555555555555 0.195 0.18666666666666668