0 0.535 0.47555555555555556 0.13625 0.1111111111111111
0 0.47875 0.43555555555555553 0.09875 0.14888888888888888
1 0.48 0.3422222222222222 0.0525 0.057777777777777775
1 0.545 0.36444444444444446 0.0575 0.08
1 0.37375 0.4266666666666667 0.08125 0.09555555555555556
1 0.64875 0.4 0.05375 0.10888888888888888
1 0.5375 0.30666666666666664 0.03875 0.042222222222222223
1 0.73 0.38666666666666666 0.0725 0.12222222222222222
1 0.56875 0.33111111111111113 0.0525 0.08
1 0.67125 0.31333333333333335 0.045 0.06666666666666667
1 0.5175 0.3888888888888889 0.05625 0.06222222222222222
1 0.42375 0.3711111111111111 0.06 0.08888888888888889
1 0.6125 0.42 0.07625 0.12222222222222222
1 0.8125 0.6511111111111111 0.19125 0.17333333333333334