0 0.48625 0.5844444444444444 0.1525 0.2088888888888889
1 0.44125 0.24 0.04875 0.08222222222222222
1 0.50125 0.27555555555555555 0.04 0.06222222222222222
1 0.57875 0.19333333333333333 0.03 0.042222222222222223
1 0.65875 0.24 0.04125 0.06888888888888889
1 0.4075 0.7822222222222223 0.13 0.15777777777777777
1 0.43375 0.29777777777777775 0.04875 0.07333333333333333
1 0.58375 0.25333333333333335 0.04125 0.05333333333333334
1 0.58875 0.4311111111111111 0.06875 0.08666666666666667
1 0.55375 0.21333333333333335 0.0375 0.06
1 0.65 0.5777777777777777 0.085 0.11777777777777777
1 0.65375 0.5088888888888888 0.08 0.09555555555555556
1 0.545 0.17555555555555555 0.03125 0.035555555555555556
1 0.43625 0.35777777777777775 0.05 0.07333333333333333