1 0.64875 0.39111111111111113 0.0525 0.08666666666666667
0 0.49625 0.46 0.1525 0.10666666666666667
0 0.4325 0.42 0.11625 0.12444444444444444
1 0.47875 0.34 0.055 0.057777777777777775
1 0.5425 0.36444444444444446 0.06 0.08
1 0.615 0.42 0.07125 0.11777777777777777
1 0.37125 0.4266666666666667 0.08 0.1
1 0.53 0.32 0.04375 0.06444444444444444
1 0.67 0.31333333333333335 0.045 0.06444444444444444
1 0.56875 0.3333333333333333 0.05125 0.08222222222222222
1 0.73 0.38666666666666666 0.07125 0.12222222222222222
1 0.42 0.3622222222222222 0.0625 0.06888888888888889
1 0.8125 0.6555555555555556 0.19125 0.17555555555555555