1 0.815625 0.6244444444444445 0.195 0.19111111111111112
1 0.645625 0.38 0.055 0.09333333333333334
0 0.48375 0.4588888888888889 0.15625 0.11777777777777777
1 0.5375 0.3611111111111111 0.05875 0.08222222222222222
0 0.424375 0.4311111111111111 0.11625 0.14666666666666667
1 0.359375 0.43777777777777777 0.0675 0.10222222222222223
1 0.6125 0.41333333333333333 0.075 0.13333333333333333
1 0.469375 0.3488888888888889 0.0525 0.06666666666666667
1 0.661875 0.3022222222222222 0.04375 0.06666666666666667
1 0.509375 0.39 0.07125 0.06888888888888889
1 0.5625 0.3277777777777778 0.05375 0.08666666666666667
1 0.515 0.3233333333333333 0.0525 0.06666666666666667
1 0.72625 0.3655555555555556 0.07625 0.12666666666666668
1 0.4125 0.37444444444444447 0.06625 0.07777777777777778