1 0.6475 0.38666666666666666 0.05375 0.08888888888888889
0 0.495625 0.46 0.15375 0.1111111111111111
0 0.431875 0.4222222222222222 0.1175 0.1288888888888889
1 0.476875 0.3411111111111111 0.055 0.06
1 0.54125 0.36333333333333334 0.06125 0.08222222222222222
1 0.614375 0.4166666666666667 0.0725 0.12
1 0.370625 0.4311111111111111 0.08125 0.10222222222222223
1 0.528125 0.3188888888888889 0.045 0.06666666666666667
1 0.668125 0.30777777777777776 0.04625 0.06666666666666667
1 0.566875 0.33111111111111113 0.0525 0.08444444444444445
1 0.72875 0.38 0.0725 0.12444444444444444
1 0.41875 0.36444444444444446 0.06375 0.07111111111111111
1 0.81375 0.6455555555555555 0.1925 0.18222222222222223