1 0.645625 0.37777777777777777 0.055 0.09333333333333334
0 0.425625 0.4311111111111111 0.115 0.14222222222222222
1 0.6125 0.41333333333333333 0.075 0.13111111111111112
1 0.5375 0.3611111111111111 0.06 0.08444444444444445
0 0.4825 0.45666666666666667 0.14875 0.11555555555555555
1 0.361875 0.4388888888888889 0.07125 0.10222222222222223
1 0.473125 0.34444444444444444 0.055 0.06666666666666667
1 0.506875 0.3877777777777778 0.0675 0.06444444444444444
1 0.5625 0.3277777777777778 0.055 0.08666666666666667
1 0.5175 0.32222222222222224 0.0525 0.06666666666666667
1 0.72625 0.36333333333333334 0.07625 0.1288888888888889
1 0.664375 0.3 0.0425 0.06444444444444444
1 0.4125 0.37222222222222223 0.065 0.07333333333333333
1 0.816875 0.6244444444444445 0.19375 0.19111111111111112
1 0.64875 0.3233333333333333 0.05125 0.06