1 0.64625 0.38222222222222224 0.05375 0.09111111111111111
0 0.42625 0.4288888888888889 0.11375 0.13777777777777778
1 0.61375 0.4177777777777778 0.07375 0.1288888888888889
1 0.53875 0.3622222222222222 0.05875 0.08444444444444445
0 0.483125 0.45666666666666667 0.14875 0.1111111111111111
1 0.3625 0.43555555555555553 0.07 0.1
1 0.474375 0.3433333333333333 0.055 0.06444444444444444
1 0.508125 0.3888888888888889 0.0675 0.06222222222222222
1 0.564375 0.3288888888888889 0.05375 0.08444444444444445
1 0.51875 0.3233333333333333 0.0525 0.06444444444444444
1 0.7275 0.37 0.075 0.12666666666666668
1 0.66625 0.3055555555555556 0.0425 0.06222222222222222
1 0.41375 0.37 0.06375 0.07111111111111111
1 0.815625 0.6333333333333333 0.1925 0.18444444444444444
1 0.650625 0.3288888888888889 0.05125 0.057777777777777775