1 0.6475 0.39111111111111113 0.055 0.09333333333333334
1 0.47875 0.43333333333333335 0.0925 0.13111111111111112
0 0.67625 0.5222222222222223 0.1425 0.13555555555555557
1 0.615 0.42444444444444446 0.07 0.12666666666666668
1 0.37375 0.4266666666666667 0.08125 0.09555555555555556
1 0.48125 0.3422222222222222 0.04875 0.05555555555555555
1 0.5475 0.36444444444444446 0.055 0.08222222222222222
1 0.73 0.3844444444444444 0.07 0.1288888888888889
1 0.5475 0.3022222222222222 0.04375 0.044444444444444446
1 0.56875 0.3333333333333333 0.0525 0.08
1 0.4325 0.3688888888888889 0.06125 0.08888888888888889
0 0.8175 0.6688888888888889 0.17625 0.17555555555555555
1 0.67 0.31333333333333335 0.045 0.06888888888888889