0 0.524375 0.44555555555555554 0.16 0.13111111111111112
0 0.546875 0.4211111111111111 0.16875 0.1
1 0.19375 0.6344444444444445 0.20375 0.25555555555555554
1 0.3525 0.38666666666666666 0.05375 0.09111111111111111
1 0.386875 0.4211111111111111 0.07125 0.12666666666666668
1 0.52125 0.3433333333333333 0.05375 0.06444444444444444
1 0.636875 0.4311111111111111 0.07125 0.1
1 0.46125 0.36777777777777776 0.05875 0.08444444444444445
1 0.27125 0.38 0.07375 0.12444444444444444
1 0.478125 0.3233333333333333 0.04625 0.06444444444444444
1 0.434375 0.33111111111111113 0.0525 0.08444444444444445
1 0.333125 0.31 0.04375 0.06444444444444444