1 0.64875 0.39111111111111113 0.0525 0.08888888888888889
0 0.4275 0.42444444444444446 0.11125 0.13111111111111112
1 0.615 0.42444444444444446 0.07125 0.12444444444444444
1 0.54125 0.36444444444444446 0.0575 0.08
0 0.48375 0.45555555555555555 0.14625 0.10222222222222223
1 0.36375 0.4266666666666667 0.06875 0.09555555555555556
1 0.4775 0.3422222222222222 0.05375 0.06222222222222222
1 0.51 0.3888888888888889 0.06625 0.057777777777777775
1 0.5675 0.3333333333333333 0.0525 0.08222222222222222
1 0.5225 0.3244444444444444 0.05125 0.06222222222222222
1 0.73 0.3844444444444444 0.0725 0.12222222222222222
1 0.67 0.31555555555555553 0.04125 0.06
1 0.41625 0.36444444444444446 0.0625 0.06666666666666667
1 0.8125 0.6533333333333333 0.18875 0.17333333333333334
1 0.65375 0.3377777777777778 0.05 0.05555555555555555