1 0.349375 0.40444444444444444 0.0575 0.09777777777777778
1 0.519375 0.4311111111111111 0.09625 0.14
0 0.324375 0.5388888888888889 0.14625 0.14888888888888888
1 0.383125 0.43555555555555553 0.07375 0.13333333333333333
1 0.62375 0.41555555555555557 0.08375 0.10222222222222223
1 0.514375 0.3411111111111111 0.05 0.06
1 0.44875 0.3688888888888889 0.0575 0.08666666666666667
1 0.266875 0.40555555555555556 0.07375 0.13555555555555557
1 0.446875 0.30666666666666664 0.045 0.04888888888888889
1 0.42625 0.34 0.055 0.08444444444444445
1 0.56375 0.36333333333333334 0.06375 0.09555555555555556
0 0.188125 0.6977777777777778 0.18125 0.19111111111111112
1 0.325 0.3288888888888889 0.0475 0.07333333333333333