1 0.64875 0.39111111111111113 0.0525 0.08888888888888889
0 0.4925 0.4577777777777778 0.14125 0.10222222222222223
1 0.54375 0.3622222222222222 0.0575 0.07777777777777778
1 0.615 0.42444444444444446 0.07125 0.12666666666666668
0 0.4275 0.4222222222222222 0.11125 0.1288888888888889
1 0.665 0.32 0.0425 0.06444444444444444
1 0.50875 0.39111111111111113 0.06875 0.06222222222222222
1 0.36125 0.4266666666666667 0.065 0.09555555555555556
1 0.47375 0.3466666666666667 0.05125 0.057777777777777775
1 0.73 0.38666666666666666 0.0725 0.12444444444444444
1 0.515 0.3288888888888889 0.04875 0.06222222222222222
1 0.5675 0.33555555555555555 0.05125 0.08444444444444445
1 0.41625 0.36444444444444446 0.06375 0.06666666666666667
1 0.81 0.6555555555555556 0.19 0.17333333333333334