1 0.86625 0.493125 0.05875 0.05875
1 0.248125 0.663125 0.06375 0.0775
0 0.61125 0.5075 0.065 0.06625
1 0.67125 0.485625 0.06875 0.06875
1 0.350625 0.65 0.06375 0.07125
0 0.45875 0.499375 0.0675 0.07
1 0.27125 0.36375 0.0525 0.0575
0 0.53125 0.6125 0.07125 0.08625
1 0.733125 0.355625 0.0625 0.05625
1 0.41375 0.660625 0.06625 0.07375
0 0.5825 0.485625 0.065 0.07125
1 0.62625 0.43125 0.0625 0.05125
1 0.1175 0.21875 0.05875 0.055
1 0.948125 0.5975 0.05875 0.06125
1 0.578125 0.76625 0.06125 0.04375
1 0.315625 0.469375 0.06375 0.13875
0 0.626875 0.746875 0.0875 0.07875
0 0.57125 0.44625 0.0575 0.05625
0 0.44375 0.280625 0.08 0.0675
1 0.479375 0.241875 0.05125 0.05375
1 0.806875 0.676875 0.1025 0.115
0 0.62 0.62625 0.0775 0.095
0 0.60625 0.699375 0.08875 0.0625
0 0.674375 0.73125 0.0625 0.0575
0 0.711875 0.735625 0.09375 0.0875
0 0.42375 0.443125 0.08 0.09125
0 0.459375 0.436875 0.0725 0.0925
0 0.523125 0.47625 0.11 0.06875
0 0.393125 0.324375 0.06625 0.0775
0 0.433125 0.3425 0.08375 0.115