1 0.959375 0.471875 0.08125 0.11875
1 0.8175 0.39125 0.065 0.07125
1 0.185625 0.626875 0.07625 0.07375
1 0.640625 0.52625 0.05875 0.07
1 0.24125 0.5625 0.0675 0.05875
0 0.308125 0.588125 0.08625 0.06875
1 0.135625 0.47375 0.06625 0.05875
0 0.644375 0.2675 0.1025 0.065
0 0.419375 0.65625 0.10125 0.09375
1 0.845 0.293125 0.0775 0.04125
0 0.344375 0.626875 0.11125 0.06
0 0.456875 0.4775 0.085 0.10625
0 0.46 0.425 0.09125 0.06375
0 0.45375 0.398125 0.07125 0.07875
0 0.46875 0.605 0.0925 0.10625
0 0.423125 0.58375 0.08875 0.1275
0 0.32875 0.744375 0.08375 0.0625
0 0.745 0.281875 0.09875 0.05875
0 0.624375 0.308125 0.075 0.07125
0 0.6275 0.246875 0.0825 0.0525
0 0.515 0.463125 0.0675 0.0825