1 0.865 0.4675 0.055 0.055
1 0.26 0.68 0.05875 0.07375
0 0.61125 0.5 0.06125 0.0625
1 0.67 0.47375 0.06375 0.065
1 0.36125 0.66 0.05875 0.0675
0 0.45875 0.5025 0.0625 0.06625
1 0.2625 0.38 0.04875 0.05375
0 0.53875 0.61 0.06625 0.08125
1 0.7225 0.34 0.05875 0.0525
1 0.425 0.66625 0.06125 0.07
0 0.58125 0.48 0.06 0.0675
1 0.62125 0.4225 0.05875 0.0475
1 0.09875 0.24625 0.055 0.05125
1 0.95375 0.56625 0.055 0.0575
1 0.59625 0.76 0.05875 0.04
1 0.31375 0.4825 0.055 0.135
0 0.64375 0.7375 0.0825 0.07375
0 0.5675 0.44125 0.05375 0.0525
0 0.42875 0.285 0.07625 0.0625
1 0.46125 0.24375 0.0475 0.05
1 0.81875 0.655 0.095 0.10875
0 0.62875 0.6175 0.07125 0.09
0 0.62 0.69125 0.085 0.05625
0 0.69 0.71875 0.05875 0.05375
0 0.7275 0.72 0.08875 0.08125
0 0.42 0.44875 0.07375 0.08625
0 0.455 0.44 0.06625 0.0875
0 0.52125 0.475 0.10625 0.06125
0 0.38125 0.3325 0.06125 0.07375
0 0.4225 0.3475 0.07625 0.11