0 0.475625 0.7511111111111111 0.43125 0.49777777777777776
0 0.398125 0.49666666666666665 0.1225 0.2644444444444444
0 0.275625 0.43 0.14875 0.2577777777777778
0 0.21125 0.3333333333333333 0.08 0.11333333333333333
1 0.178125 0.2788888888888889 0.06875 0.10222222222222223
1 0.14625 0.23444444444444446 0.04875 0.09333333333333334
1 0.121875 0.18888888888888888 0.0325 0.06666666666666667
1 0.818125 0.43777777777777777 0.10125 0.19777777777777777
1 0.574375 0.28555555555555556 0.10375 0.14222222222222222
1 0.48375 0.25 0.06875 0.09111111111111111
1 0.883125 0.4011111111111111 0.08 0.09777777777777778
1 0.87875 0.5133333333333333 0.09 0.10666666666666667
1 0.938125 0.5544444444444444 0.06875 0.13111111111111112