1 0.04 0.45625 0.08 0.11625
1 0.18625 0.38 0.0625 0.06875
1 0.81 0.6375 0.07375 0.07125
1 0.35875 0.52125 0.05625 0.0675
1 0.75625 0.57125 0.065 0.05625
0 0.68875 0.595 0.08375 0.06625
1 0.865 0.48625 0.06375 0.05625
0 0.36375 0.2625 0.1 0.06125
0 0.575 0.65875 0.09875 0.09
1 0.1625 0.28125 0.07625 0.03875
0 0.65125 0.6325 0.10875 0.05625
0 0.54375 0.47875 0.08125 0.10375
0 0.5425 0.42625 0.08875 0.06125
0 0.55 0.4 0.06875 0.07625
0 0.5275 0.60625 0.08875 0.10375
0 0.57375 0.58625 0.085 0.125
0 0.6625 0.75 0.08125 0.06
0 0.2625 0.27375 0.0975 0.055
0 0.3825 0.30375 0.0725 0.06875
0 0.38125 0.2425 0.08125 0.05
0 0.48625 0.4625 0.065 0.08