0 0.3475 0.415 0.0775 0.0625
1 0.113125 0.623125 0.0925 0.13
1 0.270625 0.535 0.06875 0.0825
1 0.031875 0.499375 0.06375 0.11625
1 0.901875 0.735625 0.07625 0.06375
1 0.969375 0.316875 0.05625 0.0575
1 0.459375 0.685625 0.06625 0.0725
1 0.203125 0.24625 0.05375 0.05
1 0.524375 0.756875 0.06875 0.04375
0 0.458125 0.404375 0.12125 0.09375
0 0.48625 0.36625 0.085 0.07375
0 0.431875 0.315 0.15875 0.13625
0 0.3875 0.341875 0.065 0.0825
0 0.658125 0.61625 0.1 0.07875
0 0.659375 0.54625 0.12 0.12875
0 0.60375 0.625625 0.0775 0.1
0 0.480625 0.448125 0.06625 0.08375
0 0.641875 0.7325 0.08125 0.095
0 0.694375 0.731875 0.09125 0.09375