0 0.25 0.2722222222222222 0.26625 0.24444444444444444
0 0.059375 0.18888888888888888 0.115 0.26
1 0.385 0.21222222222222223 0.14625 0.20444444444444446
1 0.921875 0.83 0.15375 0.34
0 0.291875 0.7088888888888889 0.45125 0.5822222222222222
1 0.50625 0.12444444444444444 0.15625 0.17555555555555555
1 0.389375 0.058888888888888886 0.08375 0.08666666666666667
1 0.79125 0.36444444444444446 0.11875 0.21333333333333335
1 0.861875 0.4622222222222222 0.0975 0.15333333333333332
1 0.94125 0.5244444444444445 0.08 0.14666666666666667
1 0.881875 0.3211111111111111 0.085 0.12222222222222222