0 0.61 0.43666666666666665 0.2375 0.20666666666666667
0 0.815625 0.4577777777777778 0.195 0.2577777777777778
0 0.81625 0.36666666666666664 0.19125 0.19555555555555557
1 0.18125 0.4255555555555556 0.09875 0.20222222222222222
1 0.428125 0.2833333333333333 0.125 0.14888888888888888
1 0.520625 0.26 0.07875 0.09333333333333334
1 0.12625 0.49333333333333335 0.0975 0.12444444444444444
1 0.0575 0.54 0.06875 0.14444444444444443
1 0.1125 0.39111111111111113 0.07375 0.10222222222222223
1 0.85625 0.2477777777777778 0.0575 0.1
1 0.8825 0.20222222222222222 0.03125 0.051111111111111114
1 0.78375 0.3188888888888889 0.0575 0.07555555555555556
1 0.819375 0.2777777777777778 0.055 0.07111111111111111