1 0.861875 0.441875 0.05875 0.05875
1 0.273125 0.69625 0.06375 0.0775
0 0.61125 0.4925 0.065 0.06625
1 0.6675 0.461875 0.06875 0.06875
1 0.3725 0.669375 0.06375 0.07125
0 0.45875 0.505625 0.0675 0.07
1 0.255 0.396875 0.0525 0.0575
0 0.54625 0.606875 0.07125 0.08625
1 0.710625 0.325 0.0625 0.05625
1 0.436875 0.67125 0.06625 0.07375
0 0.579375 0.474375 0.065 0.07125
1 0.615625 0.414375 0.0625 0.05125
1 0.081875 0.275 0.05875 0.055
1 0.9575 0.534375 0.05875 0.06125
1 0.614375 0.7525 0.06125 0.04375
1 0.313125 0.495625 0.06375 0.13875
0 0.66 0.726875 0.0875 0.07875
0 0.563125 0.436875 0.0575 0.05625
0 0.41375 0.290625 0.08 0.0675
1 0.44375 0.246875 0.05125 0.05375
1 0.82875 0.6325 0.1025 0.115
0 0.636875 0.608125 0.0775 0.095
0 0.633125 0.6825 0.08875 0.0625
0 0.705 0.705 0.0625 0.0575
0 0.7425 0.70375 0.09375 0.0875
0 0.416875 0.454375 0.08 0.09125
0 0.450625 0.443125 0.0725 0.0925
0 0.519375 0.47375 0.11 0.06875
0 0.37 0.34125 0.06625 0.0775
0 0.411875 0.353125 0.08375 0.115