1 0.91625 0.538125 0.095 0.12875
1 0.76125 0.46375 0.07125 0.08375
1 0.583125 0.628125 0.06375 0.06875
1 0.16 0.698125 0.07125 0.06125
1 0.97375 0.4125 0.05 0.125
1 0.040625 0.614375 0.07125 0.065
0 0.23125 0.719375 0.0975 0.07625
0 0.396875 0.591875 0.115 0.115
0 0.373125 0.538125 0.095 0.06625
0 0.3375 0.4825 0.0675 0.0625
0 0.275625 0.758125 0.12875 0.0625
0 0.561875 0.345 0.11625 0.08125
1 0.828125 0.26375 0.07625 0.0425
1 0.12 0.251875 0.05 0.03375
0 0.631875 0.288125 0.05 0.07375
1 0.62375 0.5875 0.06125 0.06375
0 0.66625 0.3575 0.1 0.0675
0 0.374375 0.758125 0.0875 0.06375
0 0.410625 0.70375 0.1525 0.1325
0 0.546875 0.39375 0.0825 0.07
0 0.575 0.284375 0.095 0.10875