1 0.934375 0.52625 0.0875 0.12
1 0.085 0.521875 0.07125 0.06125
1 0.79125 0.43875 0.06625 0.08125
1 0.13375 0.68 0.0775 0.0725
0 0.7075 0.323125 0.12125 0.0625
1 0.196875 0.613125 0.07 0.05875
1 0.6075 0.58 0.05875 0.0675
0 0.679375 0.2625 0.05375 0.06625
1 0.99125 0.406875 0.0175 0.09625
0 0.38125 0.7075 0.0775 0.0775
1 0.38625 0.42375 0.06875 0.0625
0 0.295625 0.685625 0.13375 0.06125
0 0.26125 0.639375 0.07375 0.06625
0 0.1925 0.709375 0.06625 0.06125
0 0.615625 0.31 0.11375 0.08375
0 0.5875 0.281875 0.09125 0.07875
0 0.6175 0.25 0.0875 0.06625
0 0.41625 0.644375 0.14375 0.13625
0 0.426875 0.52375 0.13875 0.12875
0 0.58875 0.359375 0.085 0.0725