0 0.39375 0.42 0.23 0.1711111111111111
0 0.1875 0.4088888888888889 0.18375 0.2311111111111111
0 0.19125 0.31777777777777777 0.18375 0.16666666666666666
1 0.82125 0.47555555555555556 0.09 0.18888888888888888
1 0.5825 0.29555555555555557 0.11875 0.13111111111111112
1 0.49125 0.2577777777777778 0.075 0.08222222222222222
1 0.8725 0.5511111111111111 0.0925 0.1111111111111111
1 0.93875 0.6088888888888889 0.0625 0.13555555555555557
1 0.89125 0.45111111111111113 0.07 0.09111111111111111
1 0.1575 0.19333333333333333 0.05375 0.09111111111111111
1 0.13375 0.14444444444444443 0.02875 0.04666666666666667
1 0.22625 0.27555555555555555 0.055 0.06666666666666667
1 0.1925 0.2288888888888889 0.0525 0.06222222222222222