1 0.165625 0.31375 0.0675 0.07625
1 0.9475 0.355625 0.075 0.075
1 0.75625 0.596875 0.07375 0.07125
0 0.6625 0.591875 0.05625 0.07625
1 0.705625 0.534375 0.06375 0.055
1 0.32875 0.461875 0.0575 0.065
1 0.968125 0.598125 0.05375 0.05875
1 0.03375 0.378125 0.06 0.11625
1 0.8225 0.4575 0.06375 0.0575
0 0.521875 0.600625 0.09 0.08375
1 0.365625 0.574375 0.07625 0.14625
0 0.598125 0.581875 0.13125 0.065
0 0.646875 0.550625 0.0625 0.06
0 0.606875 0.725625 0.095 0.11125
0 0.26375 0.220625 0.10625 0.05125
1 0.295625 0.429375 0.04375 0.05125
0 0.363125 0.255 0.07625 0.06625
0 0.36 0.225625 0.09875 0.05
0 0.48875 0.553125 0.11 0.10375
0 0.53375 0.5375 0.07 0.1125
0 0.694375 0.61875 0.07 0.0825
0 0.701875 0.7475 0.0975 0.10875
0 0.504375 0.43375 0.0725 0.0975
0 0.454375 0.415625 0.06125 0.08625
0 0.5125 0.379375 0.0875 0.06125