0 0.59 0.493125 0.08375 0.0675
1 0.678125 0.610625 0.0725 0.08625
1 0.9325 0.56625 0.09375 0.12625
0 0.545 0.348125 0.24 0.24625
1 0.8425 0.6975 0.09625 0.1325
1 0.114375 0.244375 0.0675 0.0425
1 0.73625 0.299375 0.0575 0.0825
1 0.819375 0.239375 0.07375 0.05375
1 0.484375 0.76125 0.05625 0.03875
0 0.476875 0.468125 0.1 0.0725
0 0.54375 0.420625 0.0825 0.0775
0 0.448125 0.530625 0.07125 0.07625
0 0.434375 0.455 0.095 0.08875
0 0.264375 0.678125 0.0875 0.11
0 0.2475 0.644375 0.0775 0.0875
0 0.32875 0.711875 0.08125 0.105