0 0.605625 0.4166666666666667 0.23125 0.17777777777777778
0 0.81125 0.3988888888888889 0.18625 0.23777777777777778
0 0.806875 0.30777777777777776 0.185 0.17333333333333334
1 0.17875 0.4855555555555556 0.09125 0.19111111111111112
1 0.415625 0.29777777777777775 0.12 0.13555555555555557
1 0.50625 0.2577777777777778 0.07625 0.08444444444444445
1 0.128125 0.5622222222222222 0.09375 0.11333333333333333
1 0.0625 0.6222222222222222 0.06375 0.13777777777777778
1 0.108125 0.4633333333333333 0.07125 0.09333333333333334
1 0.839375 0.18222222222222223 0.055 0.09333333333333334
1 0.8625 0.13333333333333333 0.02875 0.04666666666666667
1 0.77125 0.26666666666666666 0.05625 0.06888888888888889
1 0.805 0.21888888888888888 0.0525 0.06444444444444444