1 0.15375 0.3375 0.0625 0.0725
1 0.93625 0.325 0.07 0.07
1 0.7625 0.57875 0.06875 0.06625
0 0.66875 0.58 0.05125 0.0725
1 0.7075 0.52 0.06 0.05125
1 0.32625 0.47375 0.05375 0.06125
1 0.97375 0.565 0.05 0.055
1 0.02625 0.41125 0.0525 0.1125
1 0.81875 0.435 0.06 0.05375
0 0.52875 0.59875 0.085 0.0775
1 0.37125 0.58375 0.06625 0.1425
0 0.60375 0.575 0.1275 0.05625
0 0.65 0.54 0.05875 0.05625
0 0.6225 0.7175 0.0875 0.105
0 0.245 0.2375 0.10375 0.04375
1 0.29125 0.44375 0.04 0.04875
0 0.34625 0.265 0.0725 0.06125
0 0.34125 0.23625 0.09625 0.04375
0 0.4925 0.55375 0.10375 0.09625
0 0.53625 0.535 0.0625 0.10875
0 0.7025 0.605 0.065 0.07875
0 0.71875 0.7325 0.09 0.1025
0 0.5 0.43375 0.06625 0.0925
0 0.44875 0.41875 0.05625 0.0825
0 0.50375 0.37875 0.08375 0.055