0 0.243125 0.29555555555555557 0.26875 0.2511111111111111
0 0.054375 0.2288888888888889 0.10875 0.26222222222222225
1 0.376875 0.22333333333333333 0.1475 0.2088888888888889
1 0.92625 0.7966666666666666 0.1475 0.35777777777777775
0 0.2975 0.7144444444444444 0.4575 0.5711111111111111
1 0.495 0.12444444444444444 0.15875 0.18
1 0.37625 0.07 0.08375 0.08888888888888889
1 0.786875 0.3377777777777778 0.12 0.21555555555555556
1 0.86 0.4288888888888889 0.09875 0.15777777777777777
1 0.94125 0.48333333333333334 0.08125 0.14888888888888888
1 0.87625 0.28555555555555556 0.08625 0.12444444444444444