1 0.91125 0.574375 0.0925 0.12625
1 0.763125 0.486875 0.07 0.0825
1 0.571875 0.635 0.0625 0.06875
1 0.14375 0.6675 0.07125 0.06
1 0.9775 0.454375 0.045 0.12375
1 0.03375 0.573125 0.0675 0.06375
0 0.213125 0.695 0.09625 0.075
0 0.389375 0.5825 0.11375 0.11375
0 0.37 0.526875 0.095 0.065
0 0.34 0.468125 0.0675 0.06125
0 0.25375 0.7375 0.12875 0.06
0 0.575 0.35125 0.115 0.07875
1 0.8475 0.293125 0.075 0.04125
1 0.143125 0.22 0.05 0.0325
0 0.649375 0.3 0.04875 0.0725
1 0.615625 0.598125 0.06 0.06375
0 0.678125 0.3725 0.09875 0.06625
0 0.3525 0.74625 0.0875 0.0625
0 0.393125 0.695 0.15 0.13
0 0.55625 0.398125 0.08125 0.06875
0 0.59375 0.291875 0.09375 0.10625