1 0.08625 0.56 0.08875 0.12375
1 0.2375 0.4775 0.0675 0.08
1 0.42375 0.6325 0.06 0.06625
1 0.85 0.68 0.06875 0.0575
1 0.0225 0.4375 0.04375 0.1225
1 0.965 0.59 0.06875 0.06125
0 0.78 0.705 0.09375 0.07125
0 0.6075 0.58625 0.11 0.11
0 0.62875 0.53125 0.0925 0.06125
0 0.66125 0.47375 0.065 0.05875
0 0.7375 0.74625 0.12625 0.05625
0 0.43 0.34875 0.1125 0.075
1 0.16 0.28125 0.07375 0.03875
1 0.86625 0.2325 0.04875 0.03125
0 0.3575 0.295 0.04625 0.07125
1 0.38125 0.59375 0.0575 0.06125
0 0.32625 0.36625 0.09625 0.0625
0 0.63875 0.75125 0.085 0.06
0 0.6 0.69875 0.14625 0.125
0 0.4475 0.39625 0.07875 0.06625
0 0.41375 0.28875 0.09 0.10375