0 0.34875 0.4125 0.07625 0.06125
1 0.11125 0.61625 0.09 0.12875
1 0.27 0.53125 0.0675 0.08125
1 0.03125 0.49125 0.0625 0.115
1 0.8975 0.7425 0.075 0.0625
1 0.9725 0.325 0.055 0.05625
1 0.45625 0.685 0.065 0.07125
1 0.2075 0.24125 0.0525 0.04875
1 0.52 0.7575 0.0675 0.0425
0 0.46 0.40375 0.12 0.09125
0 0.48875 0.36625 0.08375 0.0725
0 0.435 0.31375 0.15625 0.13375
0 0.39 0.34 0.06375 0.08125
0 0.65625 0.61875 0.09875 0.0775
0 0.65875 0.54875 0.1175 0.12625
0 0.60125 0.6275 0.07625 0.09875
0 0.48125 0.4475 0.065 0.0825
0 0.6375 0.735 0.08 0.09375
0 0.69 0.735 0.09 0.0925