1 0.065 0.480625 0.09125 0.1225
1 0.91 0.565 0.0725 0.06375
1 0.216875 0.40875 0.06875 0.0825
1 0.845625 0.716875 0.08 0.075
0 0.311875 0.3025 0.1225 0.0675
1 0.789375 0.644375 0.07125 0.06125
1 0.385 0.568125 0.06125 0.06875
0 0.34625 0.245 0.05625 0.06875
1 0.01875 0.35625 0.025 0.0975
0 0.59625 0.71875 0.08 0.08
1 0.62125 0.435625 0.07 0.065
0 0.68375 0.705625 0.135 0.065
0 0.723125 0.66375 0.075 0.06875
0 0.78375 0.740625 0.0675 0.0625
0 0.405 0.299375 0.11625 0.0875
0 0.435625 0.27375 0.09375 0.0825
0 0.409375 0.239375 0.08875 0.07
0 0.568125 0.6525 0.1475 0.14
0 0.570625 0.53125 0.14375 0.1325
0 0.42625 0.350625 0.0875 0.075